1726
438
1521
911
555
271
215
693
575
1386
743
553
675
87
1679
241
132
499
403
92
380
1152
1650
666
761
622
927
1599
1619
341
410
364
298
205
1649
1227
477
138
569
1426
1524
1312
627
847
1399
955
1462
1532
1454
514
272
108
1666
196
1148
1075
1192
350
1322
1085
691
6
97
1363
212
20
1238
1063
532
81
1137
331
42
413
1552
89
1368
1663
269
1096
825
541
1579
1139
1111
1001
862
577
1351
459
310
690
465
407
701
1051
427
214
388
960
669
174
1665
711
587
139
801
229
450
1070
1699
1275
260
1552
1062
1371
828
199
223
827
658
907
166
1497
1315
1241
823
390
1455
1585
1724
399
33
311
1484
994
825
559
1223
1649
278
1197
1199
538
1397
909
183
499
1108
780
1701
414
1688
141
186
1651
30
1009
689
1486
1242
1062
533
1276
21
665
544
846
1225
416
770
151
261
617
689
1658
1526
872
806
1283
301
1155
1697
637
1670
531
562
1700
188
1625
108
1431
961
641
1355
983
1681
547
477
1180
1337
1621
1331
1598
512
668
179
687
1540
1359
618
489
788
589
1126
732
1495
336
1080
1683
236
1189
1388
1571
478
1391
828
433
213
1680
1613
1550
1575
1592
71
736
534
624
71
723
257
689
1586
1045
1652
987
425
1421
1323
1505
27
207
968
63
53
1447
1455
1255
154
316
1209
416
140
1433
656
585
443
1565
1209
888
936
114
225
796
1533
151
431
232
221
403
386
248
610
2
311
663
97
414
567
626
730
50
1416
1245
131
346
104
948
559
1688
110
143
76
335
1314
258
861
19
864
1082
422
1250
1704
1407
1627
663
718
1724
1078
1285
624
82
1710
688
1701
115
1035
454
1064
242
416
1548
386
866
158
1700
1124
1393
367
263
749
1164
161
1101
845
436
38
211
435
1490
1497
1433
221
129
396
196
244
79
650
1682
695
1066
153
1081
581
311
1429
353
352
445
990
1475
1609
1152
850
1102
1588
1262
1313
671
1027
1458
753
1248
1587
1523
1444
480
250
743
810
945
457
963
675
1038
1648
378
40
274
823
1030
23
1080
830
873
456
1067
410
44
386
85
1502
1139
1707
12
936
73
492
1186
816
1302
780
1274
914
1455
960
836
107
1000
1111
1305
305
1134
1033
1509
656
1490
850
1440
182